p=0.9;
pn=0.1;